TOA5,CR1000,CR1000.1,E8296,CR1000.Std.27,CPU:jcmb_21082015.CR1,12305,Weather
Wavg_Avg,Wmax_Max,Tair_Avg,RHum_Avg,Pair_Avg,Rain,Rintensity_Avg,Hail
m/s,m/s,deg C,%,Pa,mm,mm/h,hits/cm2
Avg,Max,Avg,Avg,Avg,Smp,Avg,Smp
3.933333,5.5,-4,89,1011.017,655.35,0,0.1
4.233333,6.1,-4,89,1011.017,655.35,0,0.1
2.733333,4.5,-4,89.03333,1011,655.35,0,0.1
2.933333,6.1,-4,89.1,1011,655.35,0,0.1
4.85,6.5,-4,89.1,1010.967,655.35,0,0.1
4.383333,6.7,-4,89.1,1010.967,655.35,0,0.1
3.583333,5.1,-4,89.1,1010.95,655.35,0,0.1
2.95,4.5,-4,89.1,1010.9,655.35,0,0.1
3.983333,5.6,-4,89.18333,1010.85,655.35,0,0.1
4.75,6.7,-4,89.19999,1010.833,655.35,0,0.1
3.816667,5.3,-4,89.19999,1010.783,655.35,0,0.1
2.683333,4.8,-4,89.19999,1010.733,655.35,0,0.1
3.566667,5.5,-4,89.19999,1010.683,655.35,0,0.1
2.4,4.2,-4,89.19999,1010.6,655.35,0,0.1
1.9,3,-4,89.3,1010.6,655.35,0,0.1
3.583333,6.4,-4,89.28333,1010.65,655.35,0,0.1
3.083333,5.3,-4,89.19999,1010.65,655.35,0,0.1
2.883333,4,-4,89.16666,1010.6,655.35,0,0.1
2.983333,5.1,-4,89.1,1010.6,655.35,0,0.1
3.133333,5.2,-4.083333,89,1010.6,655.35,0,0.1
3.066667,4.6,-4.1,88.93333,1010.6,655.35,0,0.1
2.766666,5,-4.1,88.85,1010.6,655.35,0,0.1
3.783333,5.5,-4.2,88.8,1010.533,655.35,0,0.1
2.966666,5.3,-4.2,88.8,1010.533,655.35,0,0.1
3.566667,5,-4.2,88.86667,1010.5,655.35,0,0.1
2.133333,4.2,-4.2,88.8,1010.5,655.35,0,0.1
2.183333,3.6,-4.2,88.8,1010.5,655.35,0,0.1
2.533333,4.1,-4.216667,88.8,1010.5,655.35,0,0.1
3.4,6,-4.3,88.8,1010.5,655.35,0,0.1
2.2,4.1,-4.3,88.8,1010.5,655.35,0,0.1
2.716666,4.5,-4.3,88.8,1010.517,655.35,0,0.1
2.266667,3.3,-4.3,88.8,1010.5,655.35,0,0.1
2.016667,3.2,-4.3,88.8,1010.533,655.35,0,0.1
3.366667,5.8,-4.3,88.8,1010.517,655.35,0,0.1
2.883333,3.7,-4.3,88.8,1010.517,655.35,0,0.1
2.783333,4.2,-4.3,88.89999,1010.517,655.35,0,0.1
3.683333,5.5,-4.3,88.89999,1010.5,655.35,0,0.1
1.333333,2.3,-4.3,88.96667,1010.517,655.35,0,0.1
3.866667,5.7,-4.3,89.03333,1010.433,655.35,0,0.1
4.05,6.3,-4.3,89.1,1010.4,655.35,0,0.1
3.766666,6.7,-4.3,89.1,1010.383,655.35,0,0.1
3.766666,6,-4.216667,89.19999,1010.367,655.35,0,0.1
4.266667,7.3,-4.2,89.19999,1010.3,655.35,0,0.1
3,4.2,-4.2,89.19999,1010.35,655.35,0,0.1
3.4,4.7,-4.2,89.19999,1010.3,655.35,0,0.1
3.1,4.9,-4.2,89.13333,1010.3,655.35,0,0.1
2.216666,3.6,-4.2,89.05,1010.317,655.35,0,0.1
3.4,5.6,-4.2,88.96667,1010.3,655.35,0,0.1
2.716666,3.8,-4.2,88.89999,1010.3,655.35,0,0.1
4.633333,7.5,-4.2,88.89999,1010.283,655.35,0,0.1
3.75,5.9,-4.2,88.89999,1010.3,655.35,0,0.1
4.25,5.7,-4.2,88.89999,1010.283,655.35,0,0.1
4.516666,6.8,-4.2,88.86667,1010.317,655.35,0,0.1
4.45,6,-4.2,88.8,1010.317,655.35,0,0.1
2.616667,3.9,-4.2,88.89999,1010.3,655.35,0,0.1
1.716667,3.5,-4.183333,88.89999,1010.267,655.35,0,0.1
4.116666,6.6,-4.1,88.89999,1010.2,655.35,0,0.1
6.416666,8.8,-4.1,88.91666,1010.15,655.35,0,0.1
3.95,5.5,-4.1,89,1010.15,655.35,0,0.1
3.533333,5.3,-4.1,88.96667,1010.15,655.35,0,0.1
3.3,5.8,-4.1,88.89999,1010.167,655.35,0,0.1
3.616667,6.1,-4.1,88.89999,1010.133,655.35,0,0.1
3.366667,4.3,-4.1,88.8,1010.1,655.35,0,0.1
2.983333,4.4,-4.1,88.73333,1010.183,655.35,0,0.1
3.4,5.6,-4.1,88.8,1010.15,655.35,0,0.1
3.1,4.9,-4.033333,88.76666,1010.15,655.35,0,0.1
4.016667,5.8,-4,88.71667,1010.15,655.35,0,0.1
3.9,6.8,-4,88.71667,1010.1,655.35,0,0.1
4,7.1,-4,88.69999,1010.1,655.35,0,0.1
3.716666,5.7,-4,88.61666,1010.1,655.35,0,0.1
3.5,4.6,-3.95,88.6,1010.1,655.35,0,0.1
3.4,5.9,-3.9,88.6,1010.083,655.35,0,0.1
4.1,5.3,-3.9,88.53333,1010.1,655.35,0,0.1
3.483333,5,-3.9,88.5,1010.1,655.35,0,0.1
3.15,5.5,-3.8,88.5,1010.083,655.35,0,0.1
2.416667,3.1,-3.8,88.5,1010.1,655.35,0,0.1
3.766666,5.7,-3.8,88.39999,1010.083,655.35,0,0.1
2.85,3.8,-3.75,88.35,1010.1,655.35,0,0.1
2.6,4.3,-3.7,88.3,1010.1,655.35,0,0.1
3.916667,5.9,-3.7,88.35,1010.1,655.35,0,0.1
3.55,4.9,-3.616667,88.39999,1010.117,655.35,0,0.1
2.166667,3.9,-3.6,88.39999,1010.117,655.35,0,0.1
1.35,2.8,-3.55,88.39999,1010.1,655.35,0,0.1
2.966666,5.3,-3.5,88.39999,1010.1,655.35,0,0.1
2.7,4.1,-3.5,88.39999,1010.133,655.35,0,0.1
3.05,4.6,-3.5,88.39999,1010.2,655.35,0,0.1
2.916667,5.7,-3.5,88.31666,1010.183,655.35,0,0.1
2.516667,4.4,-3.5,88.19999,1010.1,655.35,1.066667,0.1
2.583333,4.7,-3.5,88.11666,1010.1,655.35,1.583333,0.1
5.433333,9.7,-3.5,88.13333,1009.967,655.35,2,0.1
4.466667,7.1,-3.5,88.36666,1010.017,655.35,1.883333,0.1
4.533333,7.4,-3.5,88.61666,1009.933,655.35,0.3333333,0.1
4.316667,6.5,-3.5,88.8,1009.95,655.35,0,0.1
3.166667,5,-3.5,88.93333,1009.917,655.35,0,0.1
3.633333,6.9,-3.5,89,1009.85,655.35,0,0.1
5.35,7.5,-3.5,89.03333,1009.767,655.35,0,0.1
2.883333,4.1,-3.5,89.1,1009.75,655.35,0,0.1
2.733333,4.9,-3.5,89.14999,1009.7,655.35,0,0.1
4.6,6.5,-3.5,89.19999,1009.733,655.35,0,0.1
3.666667,5.9,-3.5,89.19999,1009.75,655.35,0,0.1
4.216667,7.1,-3.5,89.19999,1009.767,655.35,0,0.1
2.833333,4.4,-3.5,89.23333,1009.8,655.35,0,0.1
4.366666,8.8,-3.5,89.3,1009.7,655.35,0,0.1
3.8,5.5,-3.5,89.3,1009.683,655.35,0,0.1
3.383333,5,-3.5,89.3,1009.667,655.35,0,0.1
3.583333,4.6,-3.5,89.26666,1009.667,655.35,0,0.1
4.55,6.7,-3.5,89.19999,1009.617,655.35,0,0.1
4.316667,6.7,-3.5,89.19999,1009.633,655.35,0,0.1
3.883333,5.8,-3.5,89.19999,1009.617,655.35,0,0.1
3.4,5,-3.5,89.14999,1009.65,655.35,0,0.1
3.833333,5.4,-3.5,89.1,1009.7,655.35,0,0.1
3.833333,5.5,-3.5,89.1,1009.733,655.35,0,0.1
5.516666,8.9,-3.5,89.1,1009.667,655.35,0,0.1
4.35,5.5,-3.566667,88.94999,1009.667,655.35,0,0.1
4.683333,7.5,-3.6,88.86667,1009.65,655.35,0,0.1
4.2,5.2,-3.6,88.75,1009.65,655.35,0,0.1
3.616667,5,-3.6,88.64999,1009.767,655.35,0,0.1
6.616666,8.4,-3.633333,88.55,1009.667,655.35,0,0.1
5.366666,8.9,-3.7,88.41666,1009.75,655.35,0.2,0.1
4.383333,7.5,-3.7,88.39999,1009.717,655.35,0.3,0.1
3.8,6.1,-3.783333,88.44999,1009.717,655.35,0.1333333,0.1
5.033333,7.3,-3.8,88.56666,1009.733,655.35,0,0.1
4.466667,7.6,-3.8,88.6,1009.65,655.35,0,0.1
3.816667,6.9,-3.8,88.63333,1009.6,655.35,0,0.1
4.6,6.1,-3.85,88.69999,1009.617,655.35,0,0.1
4.383333,7.1,-3.9,88.78333,1009.6,655.35,0,0.1
4.15,6.1,-3.9,88.8,1009.583,655.35,0,0.1
3.083333,5.3,-3.9,88.8,1009.567,655.35,0,0.1
3.35,4.9,-3.9,88.83334,1009.483,655.35,0,0.1
3.016666,4.3,-3.9,88.89999,1009.483,655.35,0,0.1
2.8,4.2,-3.9,88.89999,1009.417,655.35,0,0.1
4.333333,7.4,-3.9,88.89999,1009.417,655.35,0,0.1
3.633333,6.6,-3.9,88.89999,1009.35,655.35,0,0.1
3.766666,6.2,-3.9,88.94999,1009.3,655.35,0,0.1
3.183333,5.2,-3.9,89,1009.317,655.35,0,0.1
3.8,6.1,-3.9,89.03333,1009.3,655.35,0,0.1
3.65,5.3,-3.9,89.1,1009.333,655.35,0,0.1
2.2,3.5,-3.9,89.1,1009.383,655.35,0,0.1
2.9,4.1,-3.9,89.19999,1009.4,655.35,0,0.1
3.216666,4.1,-3.9,89.19999,1009.45,655.35,0,0.1
2.083333,3,-3.9,89.19999,1009.45,655.35,0,0.1
1.816667,3.2,-3.9,89.25,1009.467,655.35,0,0.1
2.116667,3.7,-3.816667,89.31666,1009.467,655.35,0,0.1
1.95,3,-3.8,89.39999,1009.483,655.35,0,0.1
2.433333,3.6,-3.8,89.39999,1009.5,655.35,0,0.1
1.6,2.4,-3.8,89.41666,1009.483,655.35,0,0.1
3.183333,5.4,-3.8,89.5,1009.417,655.35,0,0.1
2.083333,3.2,-3.716666,89.5,1009.5,655.35,0,0.1
2.983333,4.8,-3.7,89.5,1009.4,655.35,0,0.1
2.05,3.6,-3.7,89.41666,1009.367,655.35,0,0.1
2.266667,3.4,-3.7,89.39999,1009.383,655.35,0,0.1
2.683333,4.3,-3.7,89.43333,1009.4,655.35,0,0.1
3.3,5.3,-3.7,89.5,1009.317,655.35,0,0.1
2.366667,4.1,-3.683333,89.5,1009.283,655.35,0,0.1
2.233333,3.8,-3.6,89.5,1009.2,655.35,0,0.1
2,2.8,-3.6,89.51666,1009.183,655.35,0,0.1
3.583333,7.2,-3.6,89.6,1009.083,655.35,0,0.1
4.016666,7.1,-3.6,89.6,1009.083,655.35,0,0.1
4,8.1,-3.6,89.58332,1009.067,655.35,0,0.1
3.65,6,-3.6,89.51666,1009.05,655.35,0,0.1
3.533333,5.5,-3.6,89.5,1009.1,655.35,0,0.1
3.816667,6.2,-3.6,89.5,1009.05,655.35,0,0.1
4.166667,6.3,-3.55,89.5,1009.05,655.35,0,0.1
3.6,5.6,-3.5,89.5,1009.1,655.35,0,0.1
3.383333,6.3,-3.5,89.5,1009.083,655.35,0,0.1
3.516666,5.3,-3.5,89.53333,1009.017,655.35,0,0.1
4.15,6.1,-3.5,89.6,1009,655.35,0,0.1
2.366667,3.5,-3.5,89.51666,1009.017,655.35,0,0.1
2.15,3.9,-3.5,89.53333,1009,655.35,0,0.1
3.233333,6.8,-3.466666,89.6,1008.917,655.35,0,0.1
4.133333,5.4,-3.45,89.53333,1008.933,655.35,0,0.1
3.216666,6.2,-3.5,89.44999,1008.95,655.35,0.6666667,0.1
3.766667,6.8,-3.5,89.39999,1008.917,655.35,0.1333333,0.1
4.15,6.4,-3.5,89.39999,1008.8,655.35,0,0.1
4.383333,6.2,-3.5,89.39999,1008.717,655.35,0,0.1
4.633333,6,-3.5,89.31666,1008.767,655.35,0,0.1
3.183333,4.9,-3.5,89.3,1008.75,655.35,0,0.1
5.75,8.7,-3.5,89.26666,1008.7,655.35,0,0.1
5.483333,9.9,-3.5,89.19999,1008.7,655.35,0,0.1
6.116666,7.9,-3.566667,89.19999,1008.617,655.35,0,0.1
4.216667,6,-3.6,89.19999,1008.667,655.35,0,0.1
5.75,8.3,-3.6,89.14999,1008.683,655.35,0,0.1
5.383333,8,-3.6,89.1,1008.7,655.35,0,0.1
3.666667,6.2,-3.6,89.1,1008.683,655.35,0,0.1
3.45,5.4,-3.6,89.13333,1008.733,655.35,0,0.1
3.616667,6,-3.6,89.19999,1008.717,655.35,0,0.1
4.933333,9,-3.6,89.1,1008.667,655.35,0,0.1
5.35,8.7,-3.7,89.06666,1008.633,655.35,0.1166667,0.1
5.85,9.4,-3.7,89,1008.6,655.35,0.5833333,0.1
3.833333,5.8,-3.7,89,1008.633,655.35,0,0.1
3.733333,6.1,-3.7,89.05,1008.6,655.35,0,0.1
5.766666,10,-3.7,89.1,1008.5,655.35,0.01666667,0.1
4.466667,7.7,-3.7,89.16666,1008.517,655.35,0,0.1
5.433333,7.9,-3.7,89.19999,1008.533,655.35,0,0.1
4.45,6.8,-3.7,89.21667,1008.567,655.35,0,0.1
3.316667,5.1,-3.7,89.3,1008.6,655.35,0,0.1
4.083333,6.4,-3.7,89.3,1008.6,655.35,0,0.1
2.75,4.8,-3.7,89.36667,1008.6,655.35,0,0.1
4.133333,7.2,-3.7,89.39999,1008.567,655.35,0,0.1
4.15,6.6,-3.7,89.41666,1008.6,655.35,0,0.1
2.65,4.3,-3.616667,89.5,1008.6,655.35,0,0.1
3.983333,5.2,-3.6,89.5,1008.6,655.35,0,0.1
3.116667,5.2,-3.6,89.5,1008.667,655.35,0,0.1
2.666667,4.6,-3.6,89.56666,1008.667,655.35,0,0.1
3.033333,4.6,-3.6,89.6,1008.65,655.35,0,0.1
4.666667,6.3,-3.6,89.6,1008.6,655.35,0,0.1
4.333333,6.9,-3.6,89.6,1008.483,655.35,0,0.1
6.383333,9,-3.533333,89.68333,1008.467,655.35,0,0.1
3.383333,5.2,-3.5,89.69999,1008.483,655.35,0,0.1
6.65,9.1,-3.5,89.69999,1008.45,655.35,0,0.1
3.1,6,-3.5,89.69999,1008.5,655.35,0,0.1
4.583333,7.6,-3.5,89.69999,1008.417,655.35,0,0.1
4.183333,7.3,-3.5,89.69999,1008.417,655.35,0,0.1
4.283333,6.8,-3.5,89.69999,1008.417,655.35,0,0.1
3.316667,5,-3.5,89.69999,1008.383,655.35,0,0.1
4.483333,8.4,-3.5,89.69999,1008.383,655.35,0,0.1
4.383333,7,-3.5,89.6,1008.4,655.35,0,0.1
3.783333,5.4,-3.5,89.6,1008.4,655.35,0,0.1
3.783333,6,-3.5,89.6,1008.367,655.35,0,0.1
3.033333,4.7,-3.5,89.6,1008.383,655.35,0,0.1
3.733333,5.4,-3.5,89.6,1008.283,655.35,0,0.1
3.416667,5.6,-3.5,89.6,1008.283,655.35,0,0.1
3.133333,4.6,-3.5,89.6,1008.267,655.35,0,0.1
3.45,4.8,-3.5,89.6,1008.3,655.35,0,0.1
3.566667,5.3,-3.5,89.6,1008.25,655.35,0,0.1
2.9,4.7,-3.5,89.6,1008.267,655.35,0,0.1
3.766666,5.4,-3.5,89.6,1008.3,655.35,0,0.1
3.366667,5.6,-3.5,89.6,1008.25,655.35,0,0.1
3.816667,5.2,-3.5,89.56666,1008.267,655.35,0,0.1
3.7,5.3,-3.5,89.5,1008.3,655.35,0,0.1
3.25,5.1,-3.5,89.55,1008.3,655.35,0,0.1
3.8,6.4,-3.5,89.58332,1008.267,655.35,0,0.1
2.7,3.4,-3.5,89.5,1008.3,655.35,0,0.1
2.85,4.5,-3.5,89.5,1008.3,655.35,0,0.1
4.183333,6.3,-3.5,89.5,1008.283,655.35,0,0.1
2.9,5.3,-3.5,89.44999,1008.317,655.35,0,0.1
4.4,6.6,-3.5,89.39999,1008.3,655.35,0,0.1
3,3.8,-3.5,89.39999,1008.3,655.35,0,0.1
2.8,4,-3.5,89.39999,1008.333,655.35,0,0.1
3.366667,4.2,-3.5,89.33334,1008.4,655.35,0,0.1
3.9,7.1,-3.5,89.3,1008.317,655.35,0,0.1
2.783333,4.1,-3.5,89.3,1008.317,655.35,0,0.1
2.716666,4.3,-3.5,89.3,1008.3,655.35,0,0.1
4.766666,5.8,-3.516666,89.3,1008.317,655.35,0,0.1
4.383333,5.8,-3.583333,89.19999,1008.267,655.35,0,0.1
4.066667,6,-3.6,89.19999,1008.267,655.35,0,0.1
3.85,5.4,-3.6,89.25,1008.317,655.35,0,0.1
5.916667,7.6,-3.533333,89.3,1008.267,655.35,0,0.1
6.333333,8.6,-3.6,89.31666,1008.25,655.35,0.01666667,0.1
5.066667,9.7,-3.516666,89.39999,1008.267,655.35,0,0.1
5.699999,7.7,-3.5,89.44999,1008.267,655.35,0.1166667,0.1
4.5,7,-3.5,89.51666,1008.183,655.35,0,0.1
4.083333,4.9,-3.5,89.6,1008.133,655.35,0,0.1
3.966666,5.5,-3.5,89.6,1008.067,655.35,0,0.1
3.616667,6.5,-3.5,89.6,1008.017,655.35,0,0.1
2.983333,4.6,-3.5,89.66666,1008.017,655.35,0,0.1
3.816667,8.8,-3.5,89.69999,1008.067,655.35,0,0.1
3.1,4,-3.416667,89.76666,1008.083,655.35,0,0.1
3.016666,4.5,-3.4,89.8,1008.1,655.35,0.06666667,0.1
3.033333,4.3,-3.4,89.8,1008.1,655.35,0.08333334,0.1
2.933333,4.1,-3.4,89.86667,1008.167,655.35,0.1666667,0.1
2.566667,4.1,-3.4,89.83334,1008.117,655.35,0.2333333,0.1
4.25,6.4,-3.4,89.89999,1008.1,655.35,0.03333334,0.1
3.95,6.2,-3.4,89.89999,1008.033,655.35,0.15,0.1
3.216666,6.1,-3.4,89.85,1008.067,655.35,0.3666667,0.1
4.633333,8.3,-3.4,89.8,1008.083,655.35,0,0.1
4.516666,7.2,-3.366667,89.8,1008.033,655.35,0,0.1
4.766667,6.5,-3.4,89.8,1008,655.35,0,0.1
4.216667,6.9,-3.4,89.8,1008,655.35,0,0.1
5.433333,7,-3.4,89.8,1008,655.35,0,0.1
6.266666,8.7,-3.4,89.69999,1007.933,655.35,0.06666667,0.1
3.833333,7.9,-3.4,89.69999,1007.9,655.35,0.03333334,0.1
3.416667,5.9,-3.4,89.69999,1007.883,655.35,0,0.1
3.766666,5.5,-3.4,89.73333,1007.783,655.35,0,0.1
4.25,6.9,-3.4,89.8,1007.733,655.35,0,0.1
4.166667,6.5,-3.4,89.8,1007.75,655.35,0,0.1
4.2,6,-3.4,89.76666,1007.733,655.35,0,0.1
3.55,5.1,-3.4,89.69999,1007.783,655.35,0,0.1
2.816667,3.6,-3.4,89.69999,1007.75,655.35,0,0.1
4.9,6.3,-3.4,89.69999,1007.75,655.35,0,0.1
4.15,8.1,-3.4,89.69999,1007.783,655.35,0,0.1
3.4,4.5,-3.4,89.61666,1007.817,655.35,0,0.1
3.666666,4.6,-3.4,89.6,1007.817,655.35,0,0.1
2.983333,4.7,-3.4,89.6,1007.883,655.35,0,0.1
3.483333,6.5,-3.4,89.6,1007.833,655.35,0,0.1
3.3,5.8,-3.4,89.6,1007.8,655.35,0,0.1
4.833333,6.5,-3.4,89.64999,1007.8,655.35,0,0.1
3.483333,5.6,-3.4,89.68333,1007.8,655.35,0,0.1
3,4.3,-3.4,89.6,1007.783,655.35,0,0.1
2.9,4.5,-3.4,89.68333,1007.733,655.35,0,0.1
4.166667,5.6,-3.4,89.63333,1007.717,655.35,0,0.1
3.583333,7.3,-3.4,89.6,1007.7,655.35,0,0.1
3.866667,5.2,-3.45,89.6,1007.667,655.35,0,0.1
3.566667,5.7,-3.466666,89.6,1007.6,655.35,0,0.1
2.916667,4.6,-3.5,89.6,1007.6,655.35,0,0.1
2.6,4,-3.5,89.6,1007.617,655.35,0,0.1
2.283333,3.5,-3.5,89.55,1007.617,655.35,0,0.1
2.883333,4.5,-3.5,89.5,1007.6,655.35,0,0.1
2.716666,4.6,-3.5,89.5,1007.6,655.35,0,0.1
2.716666,3.7,-3.5,89.5,1007.633,655.35,0,0.1
1.733333,3.4,-3.5,89.5,1007.617,655.35,0,0.1
2.05,3.6,-3.5,89.53333,1007.6,655.35,0,0.1
1.116667,2,-3.45,89.6,1007.6,655.35,0,0.1
1.883333,4.3,-3.4,89.6,1007.6,655.35,0,0.1
2.066667,3.4,-3.4,89.6,1007.6,655.35,0,0.1
2.283333,2.9,-3.4,89.6,1007.6,655.35,0,0.1
2.5,4.5,-3.4,89.6,1007.6,655.35,0.8,0.1
1.35,1.9,-3.4,89.6,1007.6,655.35,1.933333,0.1
2.95,5.3,-3.4,89.6,1007.683,655.35,6.233333,0.1
3.316667,6,-3.4,89.6,1007.6,655.35,6.449999,0.1
2.366667,4.5,-3.4,89.6,1007.517,655.35,4.383333,0.1
3.7,7.6,-3.4,89.6,1007.45,655.35,2.383333,0.1
2.816667,4.9,-3.4,89.63333,1007.383,655.35,2.8,0.1
2.766666,4.7,-3.4,89.69999,1007.367,655.35,1.383333,0.1
3.683333,6.2,-3.3,89.69999,1007.4,655.35,0.3666666,0.1
2.716666,4.5,-3.3,89.69999,1007.383,655.35,0,0.1
3.55,6.5,-3.3,89.69999,1007.383,655.35,0,0.1
3.7,6.1,-3.3,89.8,1007.383,655.35,0,0.1
3.716666,5.5,-3.3,89.8,1007.3,655.35,0,0.1
2.983333,3.7,-3.3,89.69999,1007.3,655.35,0,0.1
3.866667,5,-3.3,89.69999,1007.3,655.35,0,0.1
2.45,4.3,-3.3,89.69999,1007.2,655.35,0,0.1
2.35,3.6,-3.3,89.69999,1007.2,655.35,0,0.1
1.716667,2.7,-3.3,89.69999,1007.2,655.35,0,0.1
2.016667,2.7,-3.3,89.69999,1007.2,655.35,0,0.1
5.033333,7.6,-3.3,89.69999,1007.117,655.35,0,0.1
4.783333,7.7,-3.3,89.69999,1007.167,655.35,0,0.1
3.616667,4.7,-3.3,89.69999,1007.133,655.35,0,0.1
3.65,5.8,-3.3,89.69999,1007.1,655.35,0,0.1
2.216666,3.3,-3.266666,89.69999,1007.117,655.35,0,0.1
4.35,7.1,-3.3,89.69999,1006.983,655.35,0,0.1
4.483333,6.1,-3.216666,89.69999,1007.033,655.35,0,0.1
4.416667,6.4,-3.2,89.69999,1007,655.35,0,0.1
4.6,7.6,-3.2,89.69999,1006.983,655.35,0,0.1
3.383333,6,-3.2,89.69999,1006.983,655.35,0,0.1
4.866666,8.1,-3.2,89.61666,1006.983,655.35,0,0.1
3.833333,5.1,-3.2,89.6,1006.967,655.35,0,0.1
5.733333,7.9,-3.2,89.6,1006.9,655.35,0,0.1
4.683333,7.2,-3.2,89.6,1006.867,655.35,0,0.1
4.916667,7.8,-3.116667,89.6,1006.817,655.35,0,0.1
5.033333,7.1,-3.1,89.6,1006.817,655.35,0,0.1
3.666666,6,-3.1,89.53333,1006.883,655.35,0,0.1
4.433333,5.9,-3.1,89.48333,1006.883,655.35,0,0.1
3.883333,6.1,-3.1,89.39999,1006.833,655.35,0,0.1
4.216667,7.8,-3.1,89.33334,1006.833,655.35,0,0.1
4.433333,5.8,-3.1,89.3,1006.8,655.35,0,0.1
6.083333,9.5,-3.1,89.3,1006.75,655.35,0,0.1
5.983333,11.7,-3.1,89.3,1006.7,655.35,0,0.1
6.866666,10.9,-3.1,89.28333,1006.717,655.35,0,0.1
5.483333,10.1,-3.1,89.19999,1006.7,655.35,0,0.1
3.6,5.7,-3.1,89.11666,1006.7,655.35,0,0.1
4.866666,6.1,-3.1,89.03333,1006.7,655.35,0,0.1
4.283333,7.2,-3.1,88.98333,1006.65,655.35,0,0.1
4.833333,6.6,-3.1,88.89999,1006.65,655.35,0,0.1
5.533333,8.9,-3.1,88.83334,1006.617,655.35,0,0.1
4.05,6.2,-3.1,88.8,1006.567,655.35,0,0.1
4.366666,6.4,-3.1,88.73333,1006.55,655.35,0,0.1
4.416667,7.4,-3.1,88.66666,1006.517,655.35,0,0.1
5.466667,8.3,-3.1,88.6,1006.433,655.35,0,0.1
5.816666,8.1,-3.033333,88.6,1006.483,655.35,0,0.1
4.983333,6.6,-3,88.51666,1006.5,655.35,0,0.1
6.766666,9.8,-3,88.43333,1006.433,655.35,0,0.1
3.983333,6.8,-3,88.31666,1006.45,655.35,0,0.1
4.35,8,-3,88.19999,1006.5,655.35,0,0.1
5.183333,8.1,-3,88.1,1006.417,655.35,0,0.1
6.316666,8.6,-3,87.96667,1006.433,655.35,0,0.1
6.133333,8.4,-3,87.89999,1006.4,655.35,0,0.1
7.533333,10,-3,87.83334,1006.317,655.35,0,0.1
4.55,9,-3,87.75,1006.4,655.35,0,0.1
4.766666,8,-2.95,87.66666,1006.433,655.35,0,0.1
4.466667,7.8,-3,87.55,1006.4,655.35,0,0.1
5.383333,8.1,-3,87.5,1006.383,655.35,0,0.1
5.55,11.5,-2.9,87.5,1006.367,655.35,0,0.1
5.233333,10.1,-2.9,87.51666,1006.367,655.35,0,0.1
5.5,8.1,-2.9,87.5,1006.383,655.35,0,0.1
5.683333,7.2,-2.833333,87.5,1006.35,655.35,0,0.1
3.733333,6.6,-2.8,87.41666,1006.4,655.35,0,0.1
5.3,7,-2.8,87.33334,1006.367,655.35,0,0.1
5.066667,7.2,-2.8,87.23333,1006.333,655.35,0,0.1
3.733333,6.2,-2.8,87.08332,1006.367,655.35,0,0.1
4.033333,5.3,-2.8,86.98333,1006.267,655.35,0,0.1
5.383333,8.9,-2.8,86.89999,1006.35,655.35,0,0.1
5.283333,10.1,-2.7,86.78333,1006.333,655.35,0,0.1
4.616666,5.7,-2.7,86.6,1006.383,655.35,0,0.1
5.3,7.4,-2.7,86.39999,1006.283,655.35,0,0.1
4.733333,8.3,-2.7,86.16666,1006.367,655.35,0,0.1
6.283333,10.4,-2.6,86.03333,1006.367,655.35,0,0.1
6.183333,11.2,-2.6,85.94999,1006.3,655.35,0,0.1
6.566666,8.7,-2.616667,85.89999,1006.317,655.35,0,0.1
5.216667,9,-2.7,85.93333,1006.383,655.35,0,0.1
5.016666,8.3,-2.7,86,1006.35,655.35,0,0.1
4.45,7.7,-2.7,85.96667,1006.383,655.35,0,0.1
3.3,5.1,-2.666667,85.89999,1006.383,655.35,0,0.1
4.233333,7,-2.65,85.8,1006.367,655.35,0,0.1
4.983333,6.5,-2.633333,85.63333,1006.333,655.35,0,0.1
4.716667,8.8,-2.6,85.55,1006.4,655.35,0,0.1
4.3,6.9,-2.6,85.55,1006.35,655.35,0,0.1
4.283333,9,-2.6,85.66666,1006.317,655.35,0,0.1
4.25,7.4,-2.6,85.91666,1006.3,655.35,0,0.1
4.016666,6.8,-2.583333,86.16666,1006.283,655.35,0,0.1
4.766666,7.8,-2.566667,86.33334,1006.267,655.35,0,0.1
4.983333,8.6,-2.516667,86.55,1006.233,655.35,0,0.1
4.833333,8.2,-2.55,86.69999,1006.283,655.35,0,0.1
5.433333,7.9,-2.6,86.71667,1006.267,655.35,0,0.1
3.766666,6.8,-2.6,86.69999,1006.25,655.35,0,0.1
5.633333,8.8,-2.6,86.61666,1006.217,655.35,0,0.1
4.5,9.3,-2.6,86.44999,1006.2,655.35,0,0.1
5.433333,7,-2.65,86.35,1006.167,655.35,0,0.1
3.216666,5,-2.7,86.21667,1006.167,655.35,0,0.1
4.05,5.6,-2.7,86.16666,1006.1,655.35,0,0.1
5.316667,7.2,-2.7,85.89999,1006.05,655.35,0,0.1
3.716666,5.1,-2.783333,85.64999,1006.017,655.35,0,0.1
5.066667,6.8,-2.8,85.53333,1005.95,655.35,0,0.1
4.283333,7.4,-2.8,85.36667,1006,655.35,0,0.1
3.35,5.8,-2.8,85.28333,1006.033,655.35,0,0.1
5.066667,7.4,-2.8,85.28333,1005.967,655.35,0,0.1
3.2,5.4,-2.8,85.2,1005.983,655.35,0,0.1
4.883333,8.8,-2.8,85.13333,1005.9,655.35,0,0.1
5.283333,8.2,-2.8,85.01666,1005.9,655.35,0,0.1
5.433333,7.6,-2.8,84.96667,1005.883,655.35,0,0.1
5.083333,8.5,-2.8,84.93333,1005.967,655.35,0,0.1
4.366666,6.8,-2.733333,84.81667,1005.967,655.35,0,0.1
3.75,7,-2.7,84.68333,1005.917,655.35,0,0.1
5.416667,8,-2.7,84.6,1005.933,655.35,0,0.1
4.816667,7.6,-2.7,84.55,1005.967,655.35,0,0.1
3.883333,6.3,-2.7,84.41666,1006.017,655.35,0,0.1
5.466667,8.6,-2.666667,84.3,1005.983,655.35,0,0.1
6.433333,8.5,-2.6,84.45,1005.95,655.35,0.1333333,0.1
6.266666,11.6,-2.6,85.18333,1006.017,655.35,0.3666666,0.1
6.333333,11.8,-2.6,85.81666,1005.983,655.35,0.01666667,0.1
6.35,9.5,-2.6,86.33334,1005.917,655.35,0,0.1
5.383333,7.9,-2.633333,86.73333,1005.95,655.35,0,0.1
6.75,9.8,-2.7,86.94999,1005.967,655.35,0,0.1
3.9,5.8,-2.7,87.08332,1006.017,655.35,0,0.1
6.4,9,-2.7,87.19999,1005.967,655.35,0,0.1
6.666667,9.2,-2.6,87.11666,1005.967,655.35,0,0.1
6,9.9,-2.6,87.06666,1005.95,655.35,0,0.1
5.866666,10.3,-2.6,87,1005.917,655.35,0.03333334,0.1
5.083333,8.4,-2.6,86.93333,1005.917,655.35,0.6166666,0.1
5.9,8.2,-2.6,86.89999,1005.917,655.35,0.3,0.1
6.05,10.7,-2.533333,86.85,1005.933,655.35,0,0.1
4.133333,6.4,-2.5,86.68333,1005.933,655.35,0,0.1
3.65,5,-2.5,86.53333,1005.9,655.35,0,0.1
5.383333,10.3,-2.566667,86.38333,1005.767,655.35,0,0.1
5.133333,7.3,-2.6,86.26666,1005.8,655.35,0,0.1
5.233333,8.5,-2.6,86.16666,1005.8,655.35,0,0.1
5.633333,9.5,-2.6,86.1,1005.733,655.35,0,0.1
5.699999,8,-2.6,86.1,1005.783,655.35,0,0.1
2.45,3.7,-2.6,86.1,1005.8,655.35,0,0.1
4.033333,6.9,-2.6,86.19999,1005.733,655.35,0,0.1
5.333333,7.9,-2.6,86.19999,1005.733,655.35,0,0.1
3.966666,6.6,-2.6,86.18333,1005.8,655.35,0,0.1
4.8,9.2,-2.6,86.19999,1005.717,655.35,0,0.1
4.016666,6.1,-2.6,86.23333,1005.767,655.35,0,0.1
4.683333,7.6,-2.6,86.1,1005.717,655.35,0,0.1
6.4,9.5,-2.6,86.23333,1005.683,655.35,0,0.1
4.35,6.3,-2.6,86.3,1005.7,655.35,0,0.1
4.533333,6.3,-2.6,86.28333,1005.7,655.35,0,0.1
5.666666,9.1,-2.583333,86.23333,1005.633,655.35,0,0.1
4.566667,7.1,-2.5,86.3,1005.7,655.35,0,0.1
3.4,5.6,-2.5,86.21667,1005.717,655.35,0,0.1
4.783333,8.6,-2.466667,86.14999,1005.7,655.35,0,0.1
4.816666,7.2,-2.4,86.1,1005.6,655.35,0,0.1
6.216667,9,-2.383333,86.06666,1005.583,655.35,0,0.1
5.816666,9.7,-2.3,85.93333,1005.6,655.35,0,0.1
6.85,11.9,-2.283333,85.76666,1005.533,655.35,0,0.1
5.766666,7.3,-2.2,85.53333,1005.617,655.35,0,0.1
6.266666,10.4,-2.2,85.28333,1005.567,655.35,0,0.1
5.866666,10.5,-2.2,85.14999,1005.6,655.35,0,0.1
3.7,5.3,-2.2,85.08333,1005.717,655.35,0,0.1
3.533333,6.5,-2.2,85,1005.683,655.35,0,0.1
4.033333,6.6,-2.2,85,1005.717,655.35,0,0.1
4.116666,6.1,-2.2,84.86667,1005.717,655.35,0,0.1
4.216667,7.7,-2.2,84.73333,1005.717,655.35,0,0.1
3.716666,4.6,-2.2,84.53333,1005.733,655.35,0,0.1
5.516666,8.8,-2.2,84.2,1005.717,655.35,0,0.1
4.983333,9.9,-2.2,83.85,1005.75,655.35,0,0.1
6.016666,8.1,-2.2,83.36666,1005.717,655.35,0,0.1
3.416666,5.9,-2.2,83.05,1005.8,655.35,0,0.1
3.433333,5.7,-2.2,82.88333,1005.733,655.35,0,0.1
5.766666,9.7,-2.2,82.5,1005.7,655.35,0,0.1
3.916667,6.7,-2.15,82.35,1005.75,655.35,0,0.1
6.033333,9.9,-2.1,82.16666,1005.617,655.35,0,0.1
5.75,11.1,-2.1,82,1005.7,655.35,0,0.1
5.616666,8.2,-2.1,81.83334,1005.633,655.35,0,0.1
5.166667,7.3,-2.1,81.8,1005.65,655.35,0,0.1
4.416667,9,-2.1,81.9,1005.617,655.35,0,0.1
5.699999,10.6,-2.1,81.86667,1005.6,655.35,0,0.1
5.483333,9.5,-2.1,82.03333,1005.583,655.35,0,0.1
4.516667,8,-2.1,81.98333,1005.583,655.35,0,0.1
3.633333,5.7,-2.1,81.73333,1005.6,655.35,0,0.1
6.216667,9.3,-2.1,81.43333,1005.533,655.35,0,0.1
5.733333,10.6,-2.1,80.75,1005.517,655.35,0,0.1
5.15,8.3,-2.1,80.18333,1005.483,655.35,0,0.1
5.9,9.7,-2.1,79.33334,1005.533,655.35,0,0.1
7.183333,10.2,-2.1,78.43333,1005.433,655.35,0,0.1
6.9,11.2,-2.1,77.53333,1005.383,655.35,0,0.1
5.416667,10.9,-2.05,77.01666,1005.483,655.35,0,0.1
6.733333,12,-2,76.48333,1005.433,655.35,0,0.1
5.15,8.1,-2,76.26667,1005.483,655.35,0,0.1
8.05,10.7,-2,76.03333,1005.483,655.35,0,0.1
5.983333,7.1,-2,75.76666,1005.45,655.35,0,0.1
5.233333,9,-2,75.7,1005.567,655.35,0,0.1
3.766667,6.4,-2,75.73333,1005.583,655.35,0,0.1
4.616666,6.6,-2,75.7,1005.583,655.35,0,0.1
6,9.1,-2,75.46667,1005.533,655.35,0,0.1
4.483333,8,-2,75.5,1005.6,655.35,0,0.1
5.15,7.4,-2,75.56667,1005.533,655.35,0,0.1
5.35,7.6,-2,75.51666,1005.6,655.35,0,0.1
6.3,10.6,-2,75.6,1005.533,655.35,0,0.1
5.866667,8.5,-2,75.76667,1005.55,655.35,0,0.1
5.6,8.3,-2,75.98333,1005.567,655.35,0,0.1
4.3,7.3,-2,76.16666,1005.533,655.35,0,0.1
5.133333,7,-2,76.28333,1005.483,655.35,0,0.1
3.516666,5.5,-1.966667,76.18333,1005.517,655.35,0,0.1
4.566667,6.3,-1.983333,76.23333,1005.55,655.35,0,0.1
5.033333,10.7,-1.95,76.35,1005.5,655.35,0,0.1
4.466667,6.2,-1.9,76.35,1005.5,655.35,0,0.1
5.366666,7.9,-1.9,76.08334,1005.5,655.35,0,0.1
4.666667,6.7,-1.9,76.1,1005.5,655.35,0,0.1
5,6.7,-1.9,75.98333,1005.467,655.35,0,0.1
4.1,5.9,-1.9,75.96667,1005.517,655.35,0,0.1
4.75,9.8,-1.866667,75.88333,1005.467,655.35,0,0.1
5.516666,8.2,-1.8,75.78333,1005.433,655.35,0,0.1
4.35,6.5,-1.8,75.4,1005.45,655.35,0,0.1
4.916667,6.8,-1.75,75.08334,1005.367,655.35,0,0.1
6.216667,9.4,-1.7,74.55,1005.367,655.35,0,0.1
5.583333,9.5,-1.7,74.24999,1005.417,655.35,0,0.1
4.033333,6.4,-1.65,74.18333,1005.483,655.35,0,0.1
3.766667,8.5,-1.6,73.95,1005.433,655.35,0,0.1
5.55,10,-1.6,73.71667,1005.417,655.35,0,0.1
3.616667,6.8,-1.6,73.98333,1005.433,655.35,0,0.1
5.85,10.6,-1.6,73.9,1005.383,655.35,0,0.1
6.05,9.5,-1.6,73.71667,1005.333,655.35,0,0.1
5.016666,8.5,-1.6,74.08333,1005.35,655.35,0,0.1
5.233333,8,-1.683333,74.46667,1005.317,655.35,0,0.1
3.7,8.2,-1.7,75.08334,1005.35,655.35,0.7666667,0.1
5.35,7.7,-1.7,75.6,1005.267,655.35,0.1333333,0.1
5.716667,8.3,-1.783333,76.1,1005.217,655.35,0.09999999,0.1
6.333333,10.7,-1.8,76.71667,1005.267,655.35,0.55,0.1
4.866666,8.9,-1.883333,77.66666,1005.317,655.35,0.65,0.1
5.666667,9.6,-1.9,78.38333,1005.283,655.35,0.03333334,0.1
7.066666,10.4,-1.983333,78.95,1005.233,655.35,0,0.1
4.466667,7.6,-2,79.55,1005.283,655.35,0.2833333,0.1
5.033333,7.8,-2.066667,80.15,1005.25,655.35,0.5666667,0.1
5.699999,8.3,-2.1,80.78333,1005.283,655.35,0.25,0.1
4.383333,7.9,-2.15,81.5,1005.25,655.35,0,0.1
5.05,7.4,-2.2,82.28333,1005.25,655.35,0,0.1
5.933333,9.7,-2.2,82.58334,1005.267,655.35,0,0.1
6.983333,9.7,-2.2,82.96667,1005.233,655.35,0.03333334,0.1
3.466666,5.7,-2.2,83.41666,1005.217,655.35,0.1666667,0.1
5.05,8,-2.2,83.93333,1005.167,655.35,0,0.1
4.733333,7,-2.2,84.43333,1005.133,655.35,0.3166667,0.1
4.816667,8.4,-2.2,84.86666,1005.133,655.35,0.1333333,0.1
4.2,6.8,-2.2,85.23333,1005.1,655.35,0.03333334,0.1
4.566667,5.7,-2.2,85.35,1005.1,655.35,0.2666667,0.1
2.7,5.1,-2.2,85.78333,1005.1,655.35,0.06666667,0.1
3.583333,5.7,-2.1,85.94999,1005.017,655.35,0.15,0.1
2.8,5.6,-2.1,86.01666,1005.017,655.35,0,0.1
3.5,5.2,-2.066667,86.21667,1005.1,655.35,0,0.1
4.583333,6.2,-2,86,1005.067,655.35,0,0.1
3.85,6.2,-2,85.91666,1005.1,655.35,0,0.1
3.833333,5.1,-2,85.71667,1005.1,655.35,0,0.1
3.366667,5.5,-1.983333,85.5,1005.117,655.35,0,0.1
3.366667,5.5,-1.9,85.41666,1005.133,655.35,0,0.1
3.016666,4.9,-1.9,85.2,1005.2,655.35,0,0.1
4.266666,6.3,-1.8,84.65,1005.117,655.35,0,0.1
4.783333,6.5,-1.8,84.21667,1005.083,655.35,0,0.1
3.333333,6.2,-1.8,84.28333,1005.167,655.35,0,0.1
3.666666,6.5,-1.8,84.36667,1005.15,655.35,0,0.1
3.383333,4.4,-1.766667,84.33334,1005.1,655.35,0,0.1
4.783333,7,-1.7,83.9,1005.1,655.35,0,0.1
3.116667,4.5,-1.7,83.83334,1005.05,655.35,0,0.1
3.516666,5.1,-1.65,83.66666,1005.017,655.35,0,0.1
3.3,5.2,-1.6,83.4,1005.017,655.35,0,0.1
2.016667,4,-1.533333,83.06667,1005,655.35,0,0.1
5.283333,6.9,-1.5,82.1,1004.967,655.35,0,0.1
5.6,9,-1.516667,80.01666,1004.933,655.35,0,0.1
4.366666,6,-1.533333,79.06667,1004.917,655.35,0,0.1
3.616667,4.8,-1.466667,78.01666,1004.933,655.35,0,0.1
4,6.1,-1.383333,77.16666,1004.933,655.35,0,0.1
3.3,5,-1.3,76.11666,1004.95,655.35,0,0.1
3.433333,4.9,-1.25,75.11666,1004.917,655.35,0,0.1
4.416667,7,-1.2,74.03333,1004.833,655.35,0,0.1
3.366667,4.7,-1.166667,72.96667,1004.867,655.35,0,0.1
2.683333,4.3,-1.066667,72.28333,1004.883,655.35,0,0.1
4.733333,6.3,-1,70.4,1004.867,655.35,0,0.1
4.733333,7.3,-1,69.08334,1004.833,655.35,0,0.1
3.966666,6.1,-1,68.51666,1004.85,655.35,0,0.1
5.233333,7.1,-1,67.53333,1004.883,655.35,0,0.1
4.966667,6.8,-1.083333,67.38333,1004.933,655.35,0,0.1
3.533333,5.1,-1.1,67.21667,1005,655.35,0,0.1
3.55,4.9,-1.1,67.15,1005,655.35,0,0.1
2.683333,5.1,-1.1,67.4,1005.017,655.35,0,0.1
4.366666,6.7,-1.1,67.06667,1005,655.35,0,0.1
4.15,6.5,-1.1,67.25,1005,655.35,0,0.1
3.55,4.6,-1.1,67.23333,1005,655.35,0,0.1
3.783333,5.2,-1.1,67.11666,1005,655.35,0,0.1
2.966666,4.4,-1.066667,67.26667,1005,655.35,0,0.1
3.416666,4.7,-1,67.23333,1005,655.35,0,0.1
3.666666,6.1,-1,65.98333,1005,655.35,0,0.1
3.166667,5.3,-1,65.68333,1005,655.35,0,0.1
3.116667,6,-1,65.33334,1004.967,655.35,0,0.1
4.466667,7.1,-1,63.5,1004.883,655.35,0,0.1
3.316667,5.5,-1.05,63.34999,1004.95,655.35,0,0.1
2.533333,4.3,-1.066667,64.01666,1004.967,655.35,0,0.1
3.183333,4.7,-1.05,63.45,1004.85,655.35,0,0.1
2.9,6.2,-1.1,63.41667,1004.867,655.35,0,0.1
2.633333,6,-1.1,63.5,1004.9,655.35,0,0.1
4.033333,6,-1.1,62.81667,1004.85,655.35,0,0.1
3.883333,5.1,-1.1,62.21666,1004.9,655.35,0,0.1
4.683333,8.4,-1.1,61.86666,1004.9,655.35,0,0.1
4.25,6.7,-1.1,61.88333,1004.983,655.35,0,0.1
5.816666,8.3,-1.1,62.25,1004.933,655.35,0,0.1
4.716667,8.2,-1.1,64.13333,1004.967,655.35,0,0.1
3.416666,5,-1.1,66.23333,1004.917,655.35,0,0.1
4.866666,8.4,-1.15,67.75,1004.917,655.35,0,0.1
4.833333,8.6,-1.25,68.25,1004.95,655.35,0,0.1
4.4,6.7,-1.333333,69.23333,1004.9,655.35,0,0.1
4.366666,7.1,-1.4,70.18333,1004.867,655.35,0,0.1
4.7,7.7,-1.466667,71.01666,1004.867,655.35,0,0.1
5,6.6,-1.5,71.4,1004.85,655.35,0,0.1
3.483333,8.2,-1.6,72.08334,1004.867,655.35,0,0.1
2.516667,5.5,-1.6,72.63333,1004.9,655.35,0,0.1
3.966666,5.7,-1.6,72.68333,1004.9,655.35,0,0.1
4.95,7.2,-1.6,72.46667,1004.867,655.35,0,0.1
3.9,5.5,-1.6,72.5,1004.9,655.35,0,0.1
5.166667,8.3,-1.6,72.38333,1004.817,655.35,0,0.1
3.5,6.1,-1.6,72.25,1004.867,655.35,0,0.1
3.483333,5.2,-1.5,72.21667,1004.867,655.35,0,0.1
3.95,5.4,-1.5,71.91666,1004.783,655.35,0,0.1
2.733333,4.4,-1.5,72.63333,1004.8,655.35,0,0.1
4.933333,7.2,-1.433333,72.38333,1004.733,655.35,0,0.1
3.266666,5.9,-1.4,73.05,1004.783,655.35,0,0.1
3.683333,4.9,-1.4,72.98333,1004.733,655.35,0,0.1
4.933333,7.9,-1.4,72.5,1004.667,655.35,0,0.1
4.75,6.2,-1.4,71.8,1004.65,655.35,0,0.1
5.8,8.9,-1.4,71.5,1004.583,655.35,0,0.1
5.016666,7.2,-1.4,70.93333,1004.583,655.35,0,0.1
4.333333,8.1,-1.383333,70.8,1004.533,655.35,0,0.1
3.866667,8.2,-1.3,70.5,1004.55,655.35,0,0.1
3.683333,6.3,-1.266667,70.45,1004.567,655.35,0,0.1
3.816667,5.9,-1.2,70.05,1004.583,655.35,0,0.1
4.9,7.1,-1.2,69.9,1004.583,655.35,0,0.1
3.733333,6.4,-1.2,69.93333,1004.6,655.35,0,0.1
3.016666,4.9,-1.1,70.26667,1004.583,655.35,0,0.1
2.85,4.3,-1.1,70.25,1004.6,655.35,0,0.1
4.25,7.2,-1.016667,70.36666,1004.617,655.35,0,0.1
3.266666,4.8,-1,70.15,1004.6,655.35,0,0.1
2.85,3.8,-1,70.28333,1004.583,655.35,0,0.1
1.9,3.1,-1,70.63333,1004.483,655.35,0,0.1
2.116667,3.3,-0.8999999,71.4,1004.5,655.35,0,0.1
3.033333,5,-0.8999999,71.7,1004.45,655.35,0,0.1
1.9,3.3,-0.9666666,72.9,1004.417,655.35,0,0.1
2.616667,4.9,-1,73.76666,1004.467,655.35,0,0.1
3.8,8.5,-1.016667,74.66666,1004.467,655.35,0,0.1
2.483333,3.9,-1.1,76.21667,1004.5,655.35,0,0.1
2.45,3.9,-1.183333,77.45,1004.5,655.35,0,0.1
3.033333,6.9,-1.2,77.93333,1004.45,655.35,0,0.1
4,8.2,-1.25,77.6,1004.483,655.35,0,0.1
3.466666,5.6,-1.3,77.98333,1004.433,655.35,0,0.1
2.966666,5,-1.3,78.36666,1004.383,655.35,0,0.1
3.033333,5.3,-1.3,78.31667,1004.333,655.35,0,0.1
2.666667,4.9,-1.3,78.21667,1004.233,655.35,0,0.1
2.966666,6,-1.216667,78.26666,1004.217,655.35,0,0.1
3.65,5.4,-1.15,77.9,1004.217,655.35,0,0.1
4.35,6.3,-1.1,77.03333,1004.25,655.35,0,0.1
4.366666,8.5,-1.1,76.45,1004.267,655.35,0,0.1
4.233333,6.8,-1.1,75.81667,1004.3,655.35,0,0.1
4.916667,6.5,-1.1,74.98333,1004.3,655.35,0,0.1
4.266666,6.5,-1.033333,74.21667,1004.333,655.35,0,0.1
4.016666,6.1,-1,73.83333,1004.283,655.35,0,0.1
4.316667,6.3,-0.8999999,73.25,1004.283,655.35,0,0.1
4.633333,6.1,-0.8666666,72.18333,1004.233,655.35,0,0.1
4.716667,6,-0.8,71.16666,1004.167,655.35,0,0.1
3.5,5.7,-0.8333333,71.06667,1004.2,655.35,0,0.1
5.583333,8.1,-0.8,70.15,1004.133,655.35,0,0.1
2.533333,4.3,-0.8,69.8,1004.2,655.35,0,0.1
4.1,6.4,-0.7,68.99999,1004.1,655.35,0,0.1
4.183333,7.2,-0.7,68.11666,1004.183,655.35,0,0.1
3.65,6.1,-0.6166667,67.25,1004.133,655.35,0,0.1
4.816667,6.6,-0.6,66.58334,1004.183,655.35,0,0.1
3.983333,6.9,-0.6,66.18333,1004.183,655.35,0,0.1
5.533333,7.2,-0.5666667,65.08334,1004.133,655.35,0,0.1
4.166667,6.3,-0.55,64.98333,1004.117,655.35,0,0.1
6.566666,9.1,-0.5,64.11666,1004.017,655.35,0,0.1
4.066667,6.1,-0.5,63.98333,1004.1,655.35,0,0.1
5.35,7.7,-0.5,63.9,1004.033,655.35,0,0.1
4.033333,5.9,-0.5,64.21667,1003.983,655.35,0,0.1
5.016666,8.1,-0.5,64.8,1004,655.35,0,0.1
4.516667,7.1,-0.5,65.51666,1004,655.35,0,0.1
6.633333,9.5,-0.5,66.06667,1003.9,655.35,0,0.1
3.166667,4.7,-0.6,66.7,1004,655.35,0,0.1
5.15,7.8,-0.5333334,67.05,1004.067,655.35,0,0.1
3.4,5.4,-0.5666667,67.53333,1003.983,655.35,0,0.1
2.633333,3.9,-0.5,68.16666,1003.917,655.35,0,0.1
2.3,3.7,-0.5,69.03333,1003.933,655.35,0,0.1
2.85,5.2,-0.5,70.23333,1003.933,655.35,0,0.1
4.566667,5.6,-0.5333334,70.2,1003.883,655.35,0,0.1
5.449999,7.5,-0.6,70.36666,1003.9,655.35,0,0.1
2.783333,4.3,-0.6833333,70.81667,1003.85,655.35,0,0.1
3.85,5.6,-0.6,70.93333,1003.867,655.35,0,0.1
3.566667,4.9,-0.6,69.81667,1003.867,655.35,0,0.1
4.916667,7.8,-0.6,68.33333,1003.833,655.35,0,0.1
5.483333,9.3,-0.6,67.05,1003.8,655.35,0,0.1
5.416667,8.4,-0.5333334,65.83334,1003.75,655.35,0,0.1
3.916667,5.3,-0.5,65.3,1003.783,655.35,0,0.1
3.366667,4.6,-0.4333333,65.18333,1003.783,655.35,0,0.1
3.8,6.4,-0.35,64.85,1003.783,655.35,0,0.1
3.316667,4.3,-0.3,64.26667,1003.767,655.35,0,0.1
4.416667,6.5,-0.2166667,63.93333,1003.717,655.35,0,0.1
4.083333,6.6,-0.2,63.5,1003.667,655.35,0,0.1
5.25,7.7,-0.2,63.48333,1003.6,655.35,0,0.1
4.033333,7.1,-0.2,63.8,1003.65,655.35,0,0.1
4.916667,7,-0.2,63.55,1003.6,655.35,0,0.1
3.683333,8.3,-0.1666667,63.71666,1003.6,655.35,0,0.1
3.083333,4.4,-0.09999999,64.05,1003.6,655.35,0,0.1
3.316667,5.7,0,63.9,1003.567,655.35,0,0.1
2.283333,4.1,0,64.06667,1003.5,655.35,0,0.1
3.466666,6.4,0,63.68333,1003.467,655.35,0,0.1
3.316667,5.4,0.03333334,63.34999,1003.417,655.35,0,0.1
3.7,5.2,0.09999999,62.71666,1003.4,655.35,0,0.1
3.966666,5.7,0.09999999,62.84999,1003.383,655.35,0,0.1
4.75,6.5,0.09999999,62.55,1003.3,655.35,0,0.1
4.066667,6,0.09999999,62.33333,1003.3,655.35,0,0.1
2.566667,3.8,0.1666667,62.59999,1003.3,655.35,0,0.1
3.783333,5.4,0.25,62.26666,1003.25,655.35,0,0.1
3.416666,5,0.3,61.81667,1003.283,655.35,0,0.1
6.583333,8.6,0.3,61.01666,1003.167,655.35,0,0.1
5.466667,9.2,0.25,60.93333,1003.167,655.35,0,0.1
4.016666,7,0.2,61.58333,1003.217,655.35,0,0.1
5.4,8.5,0.2,61.23333,1003.2,655.35,0,0.1
5.983333,7.9,0.2,61.28333,1003.133,655.35,0,0.1
4.383333,7.3,0.09999999,62.03333,1003.183,655.35,0,0.1
5.716667,7.4,0.06666667,62.71666,1003.117,655.35,0,0.1
6.583333,10.4,0,63.28333,1003.1,655.35,0,0.1
5.4,8.2,0,63.98333,1003.183,655.35,0,0.1
5.083333,10.9,0,64.43333,1003.15,655.35,0,0.1
6.433333,13,0,64.98333,1003.217,655.35,0.01666667,0.1
8.849999,11.9,-0.1166667,69.55,1003.167,655.35,0.3333333,0.1
9.233333,17.4,-0.5,74.66666,1003.317,655.35,0.3666666,0.1
5.516666,8,-0.9333333,78.9,1003.333,655.35,0.3166667,0.1
4.7,7,-1.183333,81.6,1003.35,655.35,0,0.1
5.383333,7.7,-1.333333,82.91666,1003.35,655.35,0,0.1
6.666667,10.2,-1.466667,83.56667,1003.283,655.35,0.2666667,0.1
4.433333,7,-1.533333,84.4,1003.35,655.35,0.1333333,0.1
4.966667,7.4,-1.6,85.15,1003.367,655.35,0,0.1
4.516666,9.1,-1.6,85.63333,1003.367,655.35,0,0.1
6.85,10.5,-1.6,85.58332,1003.283,655.35,0,0.1
3.416666,5.9,-1.7,85.75,1003.367,655.35,0,0.1
2.8,4.8,-1.7,86.26666,1003.333,655.35,0,0.1
3.616667,6.3,-1.7,86.5,1003.267,655.35,0,0.1
5.949999,7.8,-1.7,86.55,1003.15,655.35,0,0.1
4.533333,6.7,-1.75,86.23333,1003.167,655.35,0,0.1
4.4,5.5,-1.8,86.48333,1003.217,655.35,0,0.1
4.766666,6.5,-1.8,86.63333,1003.267,655.35,0,0.1
3.25,5.2,-1.8,86.53333,1003.283,655.35,0,0.1
2.883333,4.8,-1.733333,86.71667,1003.3,655.35,0,0.1
3.466666,6.3,-1.7,86.64999,1003.3,655.35,0,0.1
5.366666,6.6,-1.7,86.35,1003.267,655.35,0,0.1
4.783333,7,-1.7,85.98333,1003.25,655.35,0,0.1
3.116667,4.4,-1.7,85.71667,1003.3,655.35,0,0.1
3.75,6.6,-1.7,85.75,1003.25,655.35,0,0.1
4.683333,7,-1.7,85.36666,1003.233,655.35,0,0.1
4.533333,5.9,-1.616667,85.16666,1003.283,655.35,0,0.1
4.25,7.2,-1.6,84.81667,1003.267,655.35,0,0.1
5.516666,7.2,-1.6,84.43333,1003.25,655.35,0,0.1
4.033333,5.7,-1.6,84.26666,1003.283,655.35,0,0.1
6.883333,9.8,-1.55,84.01666,1003.217,655.35,0,0.1
4.766666,10.3,-1.5,83.85,1003.15,655.35,0,0.1
5.716667,8.5,-1.5,84.03333,1003.067,655.35,0.2,0.1
7.65,10.7,-1.5,84.13333,1003.083,655.35,0.03333334,0.1
6.183333,8.3,-1.533333,84.11666,1003.033,655.35,0,0.1
4.65,7.7,-1.5,84.16666,1003.083,655.35,0,0.1
5.183333,7.2,-1.5,84.2,1003.1,655.35,0,0.1
5.466667,7.2,-1.483333,84.26667,1003.05,655.35,0,0.1
4.666667,8.6,-1.4,84.11666,1003,655.35,0,0.1
4.466667,7.4,-1.4,84.18333,1003.017,655.35,0,0.1
4.05,6.2,-1.3,84.06667,1003.017,655.35,0,0.1
4.416667,7.8,-1.3,83.91666,1003.067,655.35,0,0.1
5.066667,7.3,-1.2,83.58334,1003.05,655.35,0,0.1
5.733333,7.9,-1.2,83.26666,1003.033,655.35,0,0.1
4.383333,7.4,-1.2,83.01666,1003,655.35,0,0.1
3.983333,5.9,-1.1,83.01666,1002.983,655.35,0,0.1
4.683333,6.1,-1.05,82.5,1002.983,655.35,0,0.1
4.25,6.6,-1,82.01666,1002.95,655.35,0,0.1
3.716666,6.3,-0.8833333,81.8,1002.917,655.35,0,0.1
3.683333,4.9,-0.7833333,81.01667,1002.883,655.35,0,0.1
4.716667,8,-0.6666667,80.4,1002.85,655.35,0,0.1
4.133333,7.3,-0.6,79.35,1002.817,655.35,0,0.1
4.783333,7,-0.5,78.65,1002.8,655.35,0,0.1
3.933333,6.3,-0.4833333,77.91666,1002.817,655.35,0,0.1
3.966666,5.3,-0.4,76.68333,1002.783,655.35,0,0.1
3.95,6.1,-0.3166667,75.45,1002.8,655.35,0,0.1
2.433333,3.7,-0.3,74.73333,1002.817,655.35,0,0.1
5.699999,9,-0.2,73.08334,1002.783,655.35,0,0.1
5.2,7.1,-0.2,71.78333,1002.783,655.35,0,0.1
3.716666,5.9,-0.2,71.28333,1002.817,655.35,0,0.1
3.066667,5.5,-0.1666667,71.05,1002.767,655.35,0,0.1
4.2,7,-0.06666667,70.36666,1002.817,655.35,0,0.1
4.766666,7.4,0,69.06667,1002.75,655.35,0,0.1
4.9,7.1,-0.03333334,68.4,1002.683,655.35,0,0.1
4.983333,7.7,-0.09999999,67.98333,1002.617,655.35,0,0.1
4.3,6,-0.09999999,67.63333,1002.633,655.35,0,0.1
2.866667,4,-0.03333334,68.03333,1002.633,655.35,0,0.1
3.383333,6.1,0,67.66666,1002.6,655.35,0,0.1
4.75,6.4,0,67.21667,1002.6,655.35,0,0.1
3.35,4.8,0,67.43333,1002.6,655.35,0,0.1
4.616666,9.3,0.05,68.15,1002.5,655.35,0,0.1
6.716667,9.2,0.03333334,68.95,1002.45,655.35,0,0.1
5.783333,9.9,-0.01666667,70.76666,1002.533,655.35,0,0.1
6.516666,8.6,-0.15,72.13333,1002.383,655.35,0,0.1
6.566666,8.7,-0.3,73.58334,1002.55,655.35,0,0.1
6.133333,10.8,-0.4,74.35,1002.55,655.35,0,0.1
6.166667,8.7,-0.45,74.85,1002.467,655.35,0,0.1
6.216667,9.2,-0.5,75.06667,1002.417,655.35,0,0.1
5.266666,8.7,-0.5833333,75.4,1002.5,655.35,0,0.1
5.516666,9.3,-0.6,75.81667,1002.383,655.35,0,0.1
6.9,8.7,-0.6,75.88333,1002.367,655.35,0,0.1
4.05,6.2,-0.6,76.11666,1002.4,655.35,0,0.1
4.783333,9.4,-0.6,76.13333,1002.367,655.35,0,0.1
3.466666,5.8,-0.5666667,76.26667,1002.267,655.35,0,0.1
6.516666,8.9,-0.5,76.06667,1002.2,655.35,0,0.1
4.55,6.9,-0.5,75.9,1002.233,655.35,0,0.1
4.95,8.9,-0.5,76.05,1002.233,655.35,0,0.1
5.683333,9.8,-0.5,75.68333,1002.133,655.35,0,0.1
5.6,8.9,-0.5,74.58334,1002.117,655.35,0,0.1
6,10.9,-0.5,74.23333,1002.067,655.35,0,0.1
5.783333,10.4,-0.5,74.6,1002.05,655.35,0,0.1
6.55,10.4,-0.5,74.91666,1002.05,655.35,0,0.1
4.833333,6.7,-0.5,75.55,1002.067,655.35,0,0.1
4.833333,6.8,-0.5,75.96667,1002.067,655.35,0,0.1
4.35,6.3,-0.5,76.23333,1002.1,655.35,0,0.1
5.1,8.9,-0.5,76.4,1002.067,655.35,0,0.1
5.016667,8.8,-0.5,76.36667,1001.983,655.35,0,0.1
4.533333,7.8,-0.5,76.5,1002.083,655.35,0,0.1
2.166667,4.2,-0.45,76.85,1002.083,655.35,0,0.1
4.066667,7.6,-0.3666667,76.76666,1002.05,655.35,0,0.1
5.4,8.3,-0.3666667,75.81667,1002,655.35,0,0.1
6.15,10,-0.4,75.45,1001.9,655.35,0,0.1
6.35,9.2,-0.3666667,74.65,1001.9,655.35,0,0.1
4.95,8.3,-0.3166667,74.28333,1001.9,655.35,0,0.1
6.116666,9.9,-0.3,74.11666,1001.733,655.35,0,0.1
7.316666,10.5,-0.3333333,74.45,1001.85,655.35,0,0.1
6.033333,10.8,-0.4,74.56667,1001.817,655.35,0,0.1
7.383333,11.6,-0.5,74.61666,1001.8,655.35,0.3,0.1
5.949999,11.4,-0.6,74.78333,1001.767,655.35,0,0.1
5.633333,8.2,-0.6666667,74.38333,1001.9,655.35,0,0.1
4.3,6.9,-0.7,74.71667,1001.9,655.35,0,0.1
7.033333,11.2,-0.7,74.31667,1001.817,655.35,0.05,0.1
7.55,10.5,-0.7,74.08334,1001.917,655.35,0.1333333,0.1
6.533333,8.1,-0.75,75.55,1001.933,655.35,0,0.1
5.016666,7,-0.85,77.68333,1002.033,655.35,0,0.1
7.35,9,-0.9666666,78.28333,1001.95,655.35,0,0.1
5.85,9.5,-1.166667,79.5,1001.867,655.35,0,0.1
6.5,9.3,-1.35,80.36666,1001.8,655.35,0,0.1
5.783333,10.8,-1.5,81.25,1001.85,655.35,0,0.1
5.733333,10.2,-1.583333,81.86666,1001.9,655.35,0,0.1
5.533333,8.2,-1.6,82.18333,1001.9,655.35,0,0.1
6.133333,8.2,-1.6,81.85,1001.833,655.35,0,0.1
5.65,10,-1.6,81.48333,1001.767,655.35,0,0.1
6.866666,11.4,-1.6,80.66666,1001.85,655.35,0,0.1
3.8,5.4,-1.516667,80.6,1001.883,655.35,0,0.1
5.55,8.9,-1.416667,79.81667,1001.833,655.35,0,0.1
5.4,11.4,-1.4,79.03333,1001.833,655.35,0,0.1
7.583333,12.7,-1.366667,79,1001.633,655.35,0.5166667,0.1
7.066666,9.9,-1.433333,80.08333,1001.833,655.35,0.2666667,0.1
7.866666,10.6,-1.533333,81,1001.85,655.35,0.03333334,0.1
7.016666,9.3,-1.633333,82.31667,1001.85,655.35,0.1166667,0.1
4.983333,8.6,-1.766667,83.85,1001.817,655.35,0.03333334,0.1
4.633333,6,-1.866667,85.3,1001.917,655.35,0,0.1
6.116666,9.7,-1.916667,86.23333,1001.817,655.35,0.03333334,0.1
5.65,7.6,-2,86.66666,1001.767,655.35,0.06666667,0.1
6.05,9,-2.016667,87.13333,1001.817,655.35,0.06666667,0.1
5.15,8.7,-2.1,87.56666,1001.8,655.35,0.03333334,0.1
6.366666,9.8,-2.1,87.85,1001.7,655.35,0,0.1
6.633333,9.7,-2.1,87.94999,1001.65,655.35,0,0.1
4.566667,7.5,-2.1,88.11666,1001.65,655.35,0,0.1
5.333333,7.8,-2.1,88.36667,1001.617,655.35,0,0.1
4.533333,8.5,-2.066667,88.51666,1001.617,655.35,0,0.1
6.433333,8.7,-2,88.6,1001.583,655.35,0,0.1
5.916666,8.9,-2,88.56666,1001.567,655.35,0,0.1
4.4,10.1,-2,88.63333,1001.617,655.35,0,0.1
4.6,7.9,-1.95,88.69999,1001.567,655.35,0,0.1
5.083333,8.5,-1.9,88.78333,1001.483,655.35,0,0.1
5.866666,10,-1.9,88.63333,1001.467,655.35,0,0.1
5.266666,7.5,-1.9,88.46667,1001.517,655.35,0,0.1
4.166667,5.5,-1.816667,88.36667,1001.517,655.35,0,0.1
3.8,5.4,-1.716667,88.3,1001.5,655.35,0,0.1
3.7,5.4,-1.616667,88.21667,1001.483,655.35,0,0.1
4.916667,8.1,-1.5,88.16666,1001.5,655.35,0,0.1
4.55,8.5,-1.5,87.94999,1001.417,655.35,0,0.1
5.983333,9.1,-1.5,87.51666,1001.417,655.35,0,0.1
6.716667,9.2,-1.5,87.03333,1001.45,655.35,0,0.1
4.9,7.5,-1.5,86.6,1001.45,655.35,0,0.1
8.833333,12.2,-1.5,86.3,1001.367,655.35,0,0.1
6.25,8.7,-1.5,85.98333,1001.35,655.35,0,0.1
6.766666,9.4,-1.5,86,1001.333,655.35,0,0.1
5.516666,6.9,-1.5,86.1,1001.333,655.35,0,0.1
5.333333,7.8,-1.5,85.96667,1001.283,655.35,0,0.1
4.583333,6.8,-1.5,85.98333,1001.333,655.35,0,0.1
3.566667,7.2,-1.416667,86.16666,1001.267,655.35,0,0.1
5.516666,9,-1.4,86.11666,1001.25,655.35,0,0.1
5.9,8,-1.4,85.71667,1001.317,655.35,0,0.1
4.7,8,-1.4,85.66666,1001.25,655.35,0,0.1
4.383333,7.5,-1.333333,85.6,1001.317,655.35,0,0.1
4.533333,7,-1.3,85.44999,1001.267,655.35,0,0.1
6.083333,8.8,-1.3,85.2,1001.217,655.35,0,0.1
6.183333,10.7,-1.3,84.6,1001.233,655.35,0,0.1
4.5,6.5,-1.3,84.28333,1001.267,655.35,0,0.1
7.066666,11,-1.3,84.13333,1001.267,655.35,0.06666667,0.1
6.35,13,-1.35,83.91666,1001.25,655.35,0.03333334,0.1
4.966667,8.3,-1.4,84.33333,1001.25,655.35,0,0.1
4.8,6.9,-1.4,84.86666,1001.283,655.35,0,0.1
4.216667,7.3,-1.4,85.28333,1001.283,655.35,0,0.1
4.4,7.9,-1.483333,85.5,1001.35,655.35,0,0.1
6.183333,11.5,-1.5,85.6,1001.267,655.35,0,0.1
7.766666,10.4,-1.516667,85.44999,1001.217,655.35,0,0.1
8.166667,11.7,-1.6,85.44999,1001.15,655.35,0,0.1
5.85,7.5,-1.683333,85.39999,1001.283,655.35,0,0.1
5.449999,8.6,-1.7,85.75,1001.2,655.35,0,0.1
6.25,9.9,-1.716667,85.88333,1001.25,655.35,0,0.1
5.5,8.3,-1.8,86.28333,1001.217,655.35,0,0.1
5.933333,9.6,-1.8,86.64999,1001.2,655.35,0.1166667,0.1
6.083333,8.5,-1.833333,87,1001.217,655.35,0.5333334,0.1
5.433333,7.9,-1.9,87.43333,1001.2,655.35,0.4166667,0.1
5.1,7.1,-1.9,87.86666,1001.233,655.35,0.03333334,0.1
4.983333,8,-1.95,88.19999,1001.183,655.35,0.01666667,0.1
3.833333,5.5,-2,88.46667,1001.133,655.35,0,0.1
4.3,8.9,-2,88.69999,1001.117,655.35,0,0.1
3.233333,5.4,-1.983333,88.88333,1001.2,655.35,0,0.1
4.166667,6.6,-1.9,89.08332,1001.15,655.35,0,0.1
3.566667,7.5,-1.9,89.19999,1001.117,655.35,0,0.1
4.833333,6.8,-1.9,89.26666,1001.1,655.35,0,0.1
4.166667,5.8,-1.9,89.3,1001.1,655.35,0,0.1
3.483333,5.8,-1.916667,89.36667,1001.1,655.35,0,0.1
3.766666,4.5,-1.9,89.41666,1001.083,655.35,0,0.1
3,4.5,-1.9,89.51666,1001.117,655.35,0,0.1
3.233333,5.7,-1.9,89.6,1001.083,655.35,0,0.1
2.55,4.7,-1.883333,89.71667,1001.067,655.35,0.08333334,0.1
3.116667,4.4,-1.833333,89.8,1001.017,655.35,0.4166667,0.1
2.25,3.6,-1.9,89.73333,1001.05,655.35,0,0.1
5.033333,10.1,-1.9,89.69999,1001.017,655.35,0,0.1
4.266666,6.6,-1.9,89.66666,1000.983,655.35,0,0.1
3.75,6.5,-1.983333,89.6,1000.983,655.35,0,0.1
4.883333,8,-2,89.68333,1000.933,655.35,0,0.1
4.3,7.9,-2,89.71667,1000.917,655.35,0,0.1
4.1,6.8,-2,89.8,1000.9,655.35,0,0.1
5.816666,8.9,-2,89.8,1000.85,655.35,0,0.1
6.666667,8.9,-2,89.89999,1000.767,655.35,0,0.1
3.966666,5.6,-2,89.89999,1000.8,655.35,0,0.1
3.733333,6.2,-2,89.91666,1000.817,655.35,0.06666667,0.1
5.016666,6.8,-2,90,1000.783,655.35,1.5,0.1
3.916666,6.2,-1.983333,90,1000.767,655.35,0.4666667,0.1
4.583333,7.2,-1.916667,90.06666,1000.717,655.35,0,0.1
3.833333,5,-1.9,90.1,1000.733,655.35,0,0.1
4.116666,7.2,-1.9,90.19999,1000.717,655.35,0.3333333,0.1
4.533333,6.9,-1.9,90.19999,1000.733,655.35,1.016667,0.1
4.55,5.8,-1.9,90.19999,1000.65,655.35,0,0.1
5.583333,8.4,-1.9,90.19999,1000.667,655.35,0,0.1
2.683333,3.6,-1.9,90.19999,1000.7,655.35,0,0.1
2.3,4.3,-1.866667,90.19999,1000.7,655.35,0,0.1
4.866666,7.2,-1.8,90.19999,1000.617,655.35,0,0.1
4.233333,6.2,-1.85,90.19999,1000.667,655.35,0,0.1
3.933333,6.2,-1.9,90.19999,1000.683,655.35,0,0.1
3.266666,4.6,-1.8,90.19999,1000.683,655.35,0,0.1
4.233333,5.9,-1.8,90.14999,1000.7,655.35,0,0.1
2.183333,3.6,-1.8,90.1,1000.7,655.35,0,0.1
2.6,5.4,-1.8,90.1,1000.7,655.35,0,0.1
4.15,5.4,-1.8,90.1,1000.7,655.35,0,0.1
2.2,3.8,-1.8,90.1,1000.7,655.35,0,0.1
2.6,4.6,-1.8,90.1,1000.7,655.35,0,0.1
2.733333,5.4,-1.8,90.1,1000.683,655.35,0,0.1
3.633333,5,-1.8,90.03333,1000.617,655.35,0,0.1
4.266666,7.6,-1.8,89.96667,1000.6,655.35,0,0.1
4.6,6.4,-1.8,89.85,1000.533,655.35,0,0.1
2.85,4.3,-1.8,89.73333,1000.533,655.35,0,0.1
4.283333,7.1,-1.8,89.64999,1000.55,655.35,0,0.1
3.9,5.9,-1.8,89.53333,1000.517,655.35,0,0.1
4.166667,7.1,-1.8,89.35,1000.45,655.35,0,0.1
3.45,5.5,-1.8,89.14999,1000.5,655.35,0,0.1
4.65,6.2,-1.8,88.94999,1000.467,655.35,0,0.1
5.066667,7.2,-1.8,88.71667,1000.533,655.35,0,0.1
3.2,4.6,-1.8,88.5,1000.517,655.35,0,0.1
3.883333,6.9,-1.8,88.31666,1000.5,655.35,0,0.1
4.266666,5.7,-1.716667,88.05,1000.5,655.35,0,0.1
3.366667,4.9,-1.7,87.78333,1000.5,655.35,0,0.1
3.35,4.9,-1.7,87.56666,1000.483,655.35,0,0.1
3.05,5.1,-1.666667,87.41666,1000.5,655.35,0,0.1
2.983333,4.3,-1.6,87.21667,1000.433,655.35,0,0.1
6.1,9.4,-1.6,86.83334,1000.383,655.35,0,0.1
4.333333,6.6,-1.516667,86.36666,1000.4,655.35,0,0.1
7.6,10.6,-1.5,86.03333,1000.283,655.35,0,0.1
4.816667,8.1,-1.4,85.76666,1000.35,655.35,0,0.1
5.916667,10,-1.35,85.56666,1000.4,655.35,0,0.1
6.3,8.8,-1.3,85.43333,1000.367,655.35,0,0.1
7.516666,11.4,-1.3,85.2,1000.283,655.35,0.03333334,0.1
